[gd_scene load_steps=5 format=3 uid="uid://c08vubwsc2swp"]

[ext_resource type="ArrayMesh" uid="uid://1woisy38wlky" path="res://RocketModel.obj" id="1_0nhhd"]
[ext_resource type="Script" path="res://spacecraft.gd" id="1_mb81d"]
[ext_resource type="PackedScene" uid="uid://d3kot1052qj27" path="res://instrument_panel.tscn" id="3_dkerw"]

[sub_resource type="BoxShape3D" id="BoxShape3D_63e0r"]
size = Vector3(7.7, 7.7, 7.7)

[node name="Spacecraft" type="RigidBody3D"]
axis_lock_linear_x = true
axis_lock_linear_y = true
axis_lock_linear_z = true
mass = 1000.0
gravity_scale = 0.0
inertia = Vector3(100000, 100000, 100000)
continuous_cd = true
script = ExtResource("1_mb81d")

[node name="MeshInstance3D" type="MeshInstance3D" parent="."]
transform = Transform3D(0.01, 0, 0, 0, -4.37114e-10, 0.01, 0, -0.01, -4.37114e-10, 0, 0, 0)
layers = 3
mesh = ExtResource("1_0nhhd")

[node name="CollisionShape3D" type="CollisionShape3D" parent="."]
transform = Transform3D(1, 0, 0, 0, 1, 0, 0, 0, 1, -0.612574, 3.92809, -0.0324347)
shape = SubResource("BoxShape3D_63e0r")

[node name="YawPivot" type="Node3D" parent="."]
transform = Transform3D(1, 0, 0, 0, 1, 0, 0, 0, 1, 1.03445, 5.706, -0.535)

[node name="PitchPivot" type="Node3D" parent="YawPivot"]
transform = Transform3D(0.939693, 0.34202, 0, -0.34202, 0.939693, 0, 0, 0, 1, 0, 0, 0)

[node name="Camera3D" type="Camera3D" parent="YawPivot/PitchPivot"]
transform = Transform3D(-4.37114e-08, 0, -1, 0, 1, 0, 1, 0, -4.37114e-08, 0, 0, 0)
fov = 37.8493
far = 300000.0

[node name="XROrigin3D" type="XROrigin3D" parent="YawPivot/PitchPivot"]
transform = Transform3D(-4.10753e-08, -0.34202, -0.939693, -1.49502e-08, 0.939693, -0.34202, 1, 0, -4.37114e-08, 0.546482, -1.50145, 0)

[node name="XRCamera3D" type="XRCamera3D" parent="YawPivot/PitchPivot/XROrigin3D"]
far = 600000.0

[node name="InstrumentPanel" parent="." instance=ExtResource("3_dkerw")]
transform = Transform3D(-0.998172, -0.0541746, 0.0267866, -0.0538907, 0.998484, 0.0112117, -0.0273534, 0.00974763, -0.999578, 1.26931, 5.41399, -0.261768)

[node name="SpotLight3D" type="SpotLight3D" parent="."]
transform = Transform3D(-0.0290485, 0.182407, -0.982794, 0.00538906, 0.983223, 0.182328, 0.999564, -4.65865e-10, -0.0295442, 0, 5.69551, -0.27636)
layers = 4
light_cull_mask = 4293918724
spot_range = 1.73332
spot_angle = 10.4289

[node name="GroundRadar" type="RayCast3D" parent="."]
transform = Transform3D(1, 0, 0, 0, 1, 0, 0, 0, 1, -0.7, 5, 0)
target_position = Vector3(0, -1000, 0)
